10 11 16 22 28 

 10 16 18 22 29
 
 03 05 09 22 36

#	Draw Date	Winning Numbers


Thu Sep 06, 2018	05 11 23 34 35
Wed Sep 05, 2018	15 17 20 22 37
Tue Sep 04, 2018	11 16 17 19 34
Mon Sep 03, 2018	08 16 19 24 27
Sun Sep 02, 2018	12 17 28 32 39
Sat Sep 01, 2018	06 25 28 32 38

Fri Aug 31, 2018	10 11 14 28 37
Thu Aug 30, 2018	01 02 03 06 29
Wed Aug 29, 2018	07 12 19 29 36
Tue Aug 28, 2018	16 30 31 32 35
Mon Aug 27, 2018	08 14 15 16 23
Sun Aug 26, 2018	02 08 11 12 15
Sat Aug 25, 2018	02 06 10 20 39

Fri Aug 24, 2018	06 07 09 22 37
Thu Aug 23, 2018	21 23 32 33 38
Wed Aug 22, 2018	05 20 22 25 34
Tue Aug 21, 2018	04 24 28 32 34
Mon Aug 20, 2018	08 13 23 24 28
Sun Aug 19, 2018	07 22 25 28 35
Sat Aug 18, 2018	03 05 09 16 23

Fri Aug 17, 2018	05 11 13 27 39
Thu Aug 16, 2018	01 04 10 18 32
Wed Aug 15, 2018	01 08 15 24 27
Tue Aug 14, 2018	03 04 19 30 31
Mon Aug 13, 2018	02 04 05 12 13
Sun Aug 12, 2018	09 14 27 31 36
Sat Aug 11, 2018	05 07 22 26 31

Fri Aug 10, 2018	18 22 27 32 36
Thu Aug 09, 2018	10 11 16 22 28
Wed Aug 08, 2018	05 11 21 26 29
Tue Aug 07, 2018	01 06 11 22 24
